Speclibm | Leakage Power (W) | Dynamic Power (W) | Runtime (sec) | Energy (mJ)
l2_size.256kB |  1.146440   | 0.113189   | 0.704242   | 887.083646
l2d_assoc.4 |  1.147030   | 0.114356   | 0.704237   | 888.314692
l1i_assoc.2 |  1.149270   | 0.114303   | 0.704222   | 889.835905
l1d.64kB_l1i.128kB |  1.831920   | 0.211359   | 0.704177   | 1438.830076
l1d.16kB_l1i.32kB |  0.736533   | 0.111268   | 0.704675   | 597.424170
cpu_clock.1GHz |  1.147030   | 0.114302   | 0.704224   | 888.260266
l1d.32kB_l1i.64kB |  1.147030   | 0.114302   | 0.704224   | 888.260266
l2d_assoc.1 |  1.147020   | 0.114287   | 0.704233   | 888.254013
l1i_assoc.1 |  1.147030   | 0.114302   | 0.704224   | 888.260266
l1d.32kB_l1i.32kB |  0.744047   | 0.114302   | 0.704227   | 604.472541
l1i_assoc.4 |  0.874172   | 0.114302   | 0.704226   | 696.109091
l1d.128kB_l1i.16kB |  1.421420   | 0.255718   | 0.704149   | 1180.955046
l1d_assoc.2 |  1.147360   | 0.116259   | 0.704128   | 889.749519
l1d.128kB_l1i.128kB |  2.113830   | 0.255719   | 0.704145   | 1668.506081
l2_size.2MB |  1.150620   | 0.121257   | 0.704112   | 895.543858
l1d_assoc.1 |  1.147030   | 0.114302   | 0.704224   | 888.260266
l1d.32kB_l1i.16kB |  0.736533   | 0.114302   | 0.704230   | 599.183532
l1d.64kB_l1i.32kB |  1.147030   | 0.211358   | 0.704177   | 956.545587
l1d.64kB_l1i.16kB |  1.139510   | 0.211357   | 0.704181   | 951.254875
l1d.32kB_l1i.128kB |  1.428940   | 0.114302   | 0.704224   | 1086.788054
l2d_assoc.2 |  1.147030   | 0.114302   | 0.704224   | 888.260266
l1d_assoc.4 |  1.226610   | 0.210316   | 0.704128   | 1011.779831
cacheline.128 |  1.105940   | 0.185393   | 0.497821   | 642.852685
l1d.16kB_l1i.16kB |  0.729018   | 0.111309   | 0.704356   | 591.889364
l2_size.512kB |  1.147030   | 0.114302   | 0.704224   | 888.260266
cacheline.64 |  1.147030   | 0.114302   | 0.704224   | 888.260266
l1d.128kB_l1i.32kB |  1.428940   | 0.255716   | 0.704152   | 1186.253892
l1d.16kB_l1i.64kB |  1.139510   | 0.111269   | 0.704673   | 881.390190
cacheline.32 |  0.840243   | 0.095983   | 1.166041   | 1091.677668
l1d.64kB_l1i.64kB |  1.550000   | 0.211358   | 0.704178   | 1240.309554
l1d.128kB_l1i.64kB |  1.831920   | 0.255718   | 0.704148   | 1470.006122
l2_size.1MB |  1.148550   | 0.117018   | 0.704193   | 891.204127
l1d.16kB_l1i.128kB |  1.421420   | 0.111310   | 0.704350   | 1079.578375
l2_size.4MB |  1.155350   | 0.125586   | 0.703950   | 901.714897
