Specbzip | Leakage Power (W) | Dynamic Power (W) | Runtime (sec) | Energy (mJ)
l2_size.256kB | 1.146440   | 0.125978   | 0.178282   | 226.849226
l2d_assoc.4 | 1.147030   | 0.128366   | 0.172616   | 220.153756
l1i_assoc.2 | 1.149270   | 0.128418   | 0.172770   | 220.746156
l1d.64kB_l1i.128kB | 1.831920   | 0.342825   | 0.169369   | 368.334386
l1d.16kB_l1i.32kB | 0.736533   | 0.125972   | 0.177361   | 152.974749
cpu_clock.1GHz | 1.147030   | 0.128417   | 0.172775   | 220.365355
l1d.32kB_l1i.64kB | 1.147030   | 0.128417   | 0.172775   | 220.365355
l2d_assoc.1 | 1.147020   | 0.128099   | 0.174503   | 222.512091
l1i_assoc.1 | 1.147030   | 0.128417   | 0.172775   | 220.365355
l1d.32kB_l1i.32kB | 0.744047   | 0.128413   | 0.172777   | 150.741021
l1i_assoc.4 | 0.874172   | 0.128412   | 0.172779   | 173.225461
l1d.128kB_l1i.16kB | 1.421420   | 0.438016   | 0.165736   | 308.175485
l1d_assoc.2 | 1.147360   | 0.137284   | 0.168832   | 216.889016
l1d.128kB_l1i.128kB | 2.113830   | 0.438070   | 0.165708   | 422.870245
l2_size.2MB | 1.150620   | 0.138682   | 0.168460   | 217.195815
l1d_assoc.1 | 1.147030   | 0.128417   | 0.172775   | 220.365355
l1d.32kB_l1i.16kB | 0.736533   | 0.128421   | 0.172793   | 149.457997
l1d.64kB_l1i.32kB | 1.147030   | 0.342842   | 0.169359   | 252.323232
l1d.64kB_l1i.16kB | 1.139510   | 0.342811   | 0.169384   | 251.081460
l1d.32kB_l1i.128kB | 1.428940   | 0.128417   | 0.172775   | 269.072356
l2d_assoc.2 | 1.147030   | 0.128417   | 0.172775   | 220.365355
l1d_assoc.4 | 1.226610   | 0.273090   | 0.167506   | 251.208748
cacheline.128 | 1.105940   | 0.228792   | 0.173092   | 231.031431
l1d.16kB_l1i.16kB | 0.729018   | 0.125979   | 0.177378   | 151.657658
l2_size.512kB | 1.147030   | 0.128417   | 0.172775   | 220.365355
cacheline.64 | 1.147030   | 0.128417   | 0.172775   | 220.365355
l1d.128kB_l1i.32kB | 1.428940   | 0.438049   | 0.165716   | 309.389949
l1d.16kB_l1i.64kB | 1.139510   | 0.125973   | 0.177362   | 224.448596
cacheline.32 | 0.840243   | 0.112615   | 0.183637   | 174.979985
l1d.64kB_l1i.64kB | 1.550000   | 0.342825   | 0.169369   | 320.585877
l1d.128kB_l1i.64kB | 1.831920   | 0.438069   | 0.165708   | 376.155337
l2_size.1MB | 1.148550   | 0.132481   | 0.170116   | 217.923870
l1d.16kB_l1i.128kB | 1.421420   | 0.125979   | 0.177353   | 274.435855
l2_size.4MB | 1.155350   | 0.145999   | 0.166682   | 216.911454
