Specsjeng | Leakage Power (W) | Dynamic Power (W) | Runtime (sec) | Energy (mJ)
l2_size.256kB |  1.146440   | 0.142624   | 0.123334   | 158.985419
l2d_assoc.4 |  1.147030   | 0.143376   | 0.123230   | 159.016731
l1i_assoc.2 |  1.149270   | 0.143351   | 0.123229   | 159.288393
l1d.64kB_l1i.128kB |  1.831920   | 0.395301   | 0.120848   | 269.155203
l1d.16kB_l1i.32kB |  0.736533   | 0.139776   | 0.125983   | 110.400037
cpu_clock.1GHz |  1.147030   | 0.143352   | 0.123239   | 159.025387
l1d.32kB_l1i.64kB |  1.147030   | 0.143352   | 0.123239   | 159.025387
l2d_assoc.1 |  1.147020   | 0.143334   | 0.123271   | 159.063228
l1i_assoc.1 |  1.147030   | 0.143352   | 0.123239   | 159.025387
l1d.32kB_l1i.32kB |  0.744047   | 0.143357   | 0.123333   | 109.446198
l1i_assoc.4 |  0.874172   | 0.143348   | 0.123226   | 125.384920
l1d.128kB_l1i.16kB |  1.421420   | 0.503895   | 0.119185   | 229.468668
l1d_assoc.2 |  1.147360   | 0.156159   | 0.118800   | 154.858057
l1d.128kB_l1i.128kB |  2.113830   | 0.504878   | 0.118886   | 311.327719
l2_size.2MB |  1.150620   | 0.146748   | 0.123228   | 159.872064
l1d_assoc.1 |  1.147030   | 0.143352   | 0.123239   | 159.025387
l1d.32kB_l1i.16kB |  0.736533   | 0.143320   | 0.123497   | 108.659206
l1d.64kB_l1i.32kB |  1.147030   | 0.395018   | 0.120972   | 186.544631
l1d.64kB_l1i.16kB |  1.139510   | 0.394604   | 0.121147   | 185.853309
l1d.32kB_l1i.128kB |  1.428940   | 0.143357   | 0.123234   | 193.760448
l2d_assoc.2 |  1.147030   | 0.143352   | 0.123239   | 159.025387
l1d_assoc.4 |  1.226610   | 0.308214   | 0.118509   | 181.890457
cacheline.128 |  1.105940   | 0.199836   | 0.124304   | 162.313180
l1d.16kB_l1i.16kB |  0.729018   | 0.139749   | 0.126144   | 109.589744
l2_size.512kB |  1.147030   | 0.143352   | 0.123239   | 159.025387
cacheline.64 |  1.147030   | 0.143352   | 0.123239   | 159.025387
l1d.128kB_l1i.32kB |  1.428940   | 0.504465   | 0.119013   | 230.100329
l1d.16kB_l1i.64kB |  1.139510   | 0.139747   | 0.125912   | 161.073807
cacheline.32 |  0.840243   | 0.134912   | 0.122532   | 119.487692
l1d.64kB_l1i.64kB |  1.550000   | 0.395282   | 0.120854   | 235.095111
l1d.128kB_l1i.64kB |  1.831920   | 0.504864   | 0.118890   | 277.820250
l2_size.1MB |  1.148550   | 0.144688   | 0.123228   | 159.363132
l1d.16kB_l1i.128kB |  1.421420   | 0.139752   | 0.125907   | 196.562483
l2_size.4MB |  1.155350   | 0.149005   | 0.123228   | 160.733058
