Specmcf | Leakage Power (W) | Dynamic Power (W) | Runtime (sec) | Energy (mJ)
l2_size.256kB |  1.146440   | 0.154082   | 0.110429   | 143.615344
l2d_assoc.4 |  1.147030   | 0.154281   | 0.110208   | 143.414883
l1i_assoc.2 |  1.149270   | 0.154252   | 0.110232   | 143.689837
l1d.64kB_l1i.128kB |  1.831920   | 0.377424   | 0.109947   | 242.910745
l1d.16kB_l1i.32kB |  0.736533   | 0.149413   | 0.114450   | 101.396520
cpu_clock.1GHz |  1.147030   | 0.154271   | 0.110225   | 143.435903
l1d.32kB_l1i.64kB |  1.147030   | 0.154271   | 0.110225   | 143.435903
l2d_assoc.1 |  1.147020   | 0.154161   | 0.110362   | 143.600938
l1i_assoc.1 |  1.147030   | 0.154271   | 0.110225   | 143.435903
l1d.32kB_l1i.32kB |  0.744047   | 0.153127   | 0.112780   | 101.183284
l1i_assoc.4 |  0.874172   | 0.154262   | 0.110224   | 113.358109
l1d.128kB_l1i.16kB |  1.421420   | 0.381164   | 0.145347   | 262.000177
l1d_assoc.2 |  1.147360   | 0.162402   | 0.109810   | 143.824965
l1d.128kB_l1i.128kB |  2.113830   | 0.473134   | 0.109758   | 283.939995
l2_size.2MB |  1.150620   | 0.155027   | 0.109768   | 143.318260
l1d_assoc.1 |  1.147030   | 0.154271   | 0.110225   | 143.435903
l1d.32kB_l1i.16kB |  0.736533   | 0.140507   | 0.145709   | 127.792621
l1d.64kB_l1i.32kB |  1.147030   | 0.371447   | 0.112426   | 170.716295
l1d.64kB_l1i.16kB |  1.139510   | 0.309134   | 0.145458   | 210.716859
l1d.32kB_l1i.128kB |  1.428940   | 0.154261   | 0.110232   | 174.519413
l2d_assoc.2 |  1.147030   | 0.154271   | 0.110225   | 143.435903
l1d_assoc.4 |  1.226610   | 0.321464   | 0.109760   | 169.916602
cacheline.128 |  1.105940   | 0.192984   | 0.108830   | 141.361899
l1d.16kB_l1i.16kB |  0.729018   | 0.137683   | 0.147244   | 127.616522
l2_size.512kB |  1.147030   | 0.154271   | 0.110225   | 143.435903
cacheline.64 |  1.147030   | 0.154271   | 0.110225   | 143.435903
l1d.128kB_l1i.32kB |  1.428940   | 0.464857   | 0.112281   | 212.637421
l1d.16kB_l1i.64kB |  1.139510   | 0.150514   | 0.111843   | 144.280154
cacheline.32 |  0.840243   | 0.144700   | 0.112946   | 111.245372
l1d.64kB_l1i.64kB |  1.550000   | 0.377467   | 0.109934   | 211.894157
l1d.128kB_l1i.64kB |  1.831920   | 0.473103   | 0.109765   | 253.010850
l2_size.1MB |  1.148550   | 0.154582   | 0.109977   | 143.314548
l1d.16kB_l1i.128kB |  1.421420   | 0.150522   | 0.111835   | 175.798134
l2_size.4MB |  1.155350   | 0.155408   | 0.109752   | 143.858312
